0 8 3 64
0 1 -1 128
0 2 -1 128
0 3 -1 128
0 4 -1 128
0 5 -1 128
0 6 -1 128
0 7 -1 128
1 9 3 64
1 15 3 64
1 0 -1 128
1 2 -1 128
1 3 -1 128
1 4 -1 128
1 5 -1 128
1 6 -1 128
1 7 -1 128
2 10 3 64
2 16 3 64
2 0 -1 128
2 1 -1 128
2 3 -1 128
2 4 -1 128
2 5 -1 128
2 6 -1 128
2 7 -1 128
3 11 3 64
3 17 3 64
3 0 -1 128
3 1 -1 128
3 2 -1 128
3 4 -1 128
3 5 -1 128
3 6 -1 128
3 7 -1 128
4 12 3 64
4 18 3 64
4 0 -1 128
4 1 -1 128
4 2 -1 128
4 3 -1 128
4 5 -1 128
4 6 -1 128
4 7 -1 128
5 13 3 64
5 19 3 64
5 0 -1 128
5 1 -1 128
5 2 -1 128
5 3 -1 128
5 4 -1 128
5 6 -1 128
5 7 -1 128
6 14 3 64
6 20 3 64
6 0 -1 128
6 1 -1 128
6 2 -1 128
6 3 -1 128
6 4 -1 128
6 5 -1 128
6 7 -1 128
7 21 3 64
7 0 -1 128
7 1 -1 128
7 2 -1 128
7 3 -1 128
7 4 -1 128
7 5 -1 128
7 6 -1 128
8 1 3 64
9 2 3 64
10 3 3 64
11 4 3 64
12 5 3 64
13 6 3 64
14 7 3 64
15 0 3 64
16 1 3 64
17 2 3 64
18 3 3 64
19 4 3 64
20 5 3 64
21 6 3 64
